0 0.119189 0.551300 0.138320 0.125360
0 0.635493 0.355433 0.128838 0.146725
0 0.370713 0.387482 0.095684 0.085477
0 0.423760 0.319112 0.086211 0.096872
0 0.474922 0.159567 0.050215 0.051292
0 0.681445 0.196601 0.086211 0.094023
0 0.922544 0.543465 0.100420 0.141028
0 0.707495 0.488627 0.257686 0.153847
0 0.798916 0.250022 0.108945 0.126769
0 0.961855 0.198737 0.069160 0.092599
0 0.717441 0.133209 0.101367 0.066946
0 0.512339 0.122526 0.053057 0.045580
0 0.218662 0.438054 0.123164 0.061248
0 0.905850 0.831219 0.188301 0.303407
0 0.615605 0.673098 0.236836 0.280617
0 0.426606 0.849736 0.188525 0.203700
0 0.354131 0.626799 0.227363 0.239325
0 0.150923 0.792041 0.235889 0.279207
0 0.354609 0.231505 0.105156 0.103979
