0 0.750801 0.621076 0.094555 0.078347
0 0.364184 0.490028 0.111383 0.035611
0 0.427883 0.428063 0.048078 0.039875
0 0.651840 0.439458 0.084133 0.042722
0 0.859773 0.522083 0.076922 0.059833
0 0.821313 0.701569 0.113781 0.056972
0 0.345352 0.592597 0.102562 0.081194
0 0.622195 0.535618 0.108172 0.052708
0 0.600160 0.674500 0.136211 0.091167
0 0.538863 0.322646 0.092148 0.042736
0 0.681891 0.331910 0.123391 0.052708
0 0.590543 0.877493 0.112180 0.078347
0 0.835336 0.821222 0.060094 0.051278
0 0.265625 0.505701 0.055281 0.038458
0 0.317707 0.338319 0.039258 0.037028
0 0.419070 0.329056 0.067313 0.024222
0 0.342949 0.954062 0.133008 0.091875
0 0.231168 0.641743 0.061695 0.048431
